GRRT
250	118.582868273	55.79242
203	102.244510868	52.79554
157	74.7800000005	54.20000
164	84.207835	49.68233
449	225.723293195	54.89043
200	204.017845154	62.00917
198	95.24553895	42.84548
142	78.9017910957	42.66982
300	165.862468958	53.56611
150	81.5438501835	42.12681
202	122.371245146	53.91063
253	146.59179306	46.6598
200	106.271722078	51.57541
250	133.37630415	57.48037
300	173.891062975	50.27979
150	79.8534998894	63.39801
200	110.327605009	49.53668
150	79.4211728573	40.07552
200	162.228865147	28.14491
150	77.2104868889	56.11813
250	139.249452114	43.41818
150	81.8729720116	49.99423
200	140.176012039	35.7918
250	189.555483103	60.08124
356	207.110739946	64.50348
156	111.99763298	48.63395
400	254.771631002	49.04628
100	51.2501339912	41.97356
215	120.877631903	54.94298
171	95.7125449181	47.74621
289	156.938055038	42.62053
221	119.74158597	47.59606
200	125.320045948	58.51389
200	113.2240839	43.64313
159	89.3664748669	61.59541
254	251.448286057	63.15024
156	93.0682089329	56.62453
277	150.720592022	53.50426
236	133.701011896	58.59905
278	144.493404865	57.13346
324	176.248054028	56.84123
150	81.1501178741	51.12445
242	132.456123114	56.3804
300	167.887892008	56.59766
250	132.400496006	58.21444
200	114.011038065	43.7309
150	83.4933531284	54.32091
150     80.5587639809   42.25681
200     108.60693717    39.6759
141     86.3138618469   29.42954
