RRT
280	134.531344891	49.20526
328	150.959948063	61.65678
500	289.669252872	53.42287
300	177.608240843	57.39754
350	191.646245003	59.5947
300	179.940802813	57.35121
200	108.443958998	46.59295
150	86.7225029469	41.30515
250	149.773507833	46.60914
200	104.695561886	54.28485
150	88.1773560047	49.24067
200	113.674078226	51.11798
250	144.081602812	44.70983
240	133.420321941	55.68966
150	84.5330350399	42.03353
316	174.742255926	49.83169
250	140.610378027	63.19357
400	205.157891035	52.38404
400	181.296548128	64.66523
333	148.694342136	50.09365
450	248.633023024	54.02814
450	243.824201107	70.15228
300	166.910356045	72.69165
204	109.575033188	56.56044
250	141.494452	51.39218
200	113.409506083	46.42987
150	87.4545869827	50.7135
350	192.356436968	51.21805
300	164.316645145	48.80834
150	80.7078578472	40.41062
250	147.525934935	52.05964
400	234.200841904	68.33896
300	168.404778004	55.4603
290	163.295556068	50.35819
498	283.735362053	62.73024
250	132.784415007	58.31924
200	112.687047005	57.33818
250	138.191600084	50.42472
300	165.278009892	51.42114
250	132.650253057	53.25704
250	124.847946882	61.88717
400	235.613681078	68.42793
350	200.258303881	64.25021
250	142.793048143	54.56856
350	197.083314896	62.11038
150	72.3812420368	47.39731
511	233.634343432	65.98906
400     261.146542072   64.5171
207     252.343267482   68.07865
280     234.29272294    66.12108
